64,99,255,168,1.000000
65,99,256,168,0.999705
63,96,263,168,0.993553
62,95,266,169,0.926913
62,95,266,169,0.903701
61,95,267,170,0.897727
61,96,267,171,0.836071
61,96,267,171,0.859774
61,96,268,171,0.849823
61,96,269,171,0.840199
60,96,269,172,0.824922
58,95,266,170,0.824870
56,94,267,170,0.835065
56,93,266,169,0.716561
55,93,266,169,0.643294
55,92,267,169,0.625389
55,92,267,169,0.619186
55,91,269,169,0.582424
55,91,271,170,0.582032
55,91,271,170,0.584894
55,91,271,169,0.612761
55,91,271,169,0.563135
56,91,270,169,0.590156
56,91,270,169,0.596515
56,91,270,169,0.616866
56,91,270,169,0.616692
56,91,271,169,0.600891
56,91,271,169,0.600350
56,91,271,169,0.604286
58,90,271,167,0.577238
59,90,270,166,0.531204
59,90,270,166,0.535210
59,90,270,167,0.531530
59,89,271,166,0.548372
59,89,271,166,0.503126
59,89,272,166,0.507621
59,89,271,166,0.520648
60,90,270,166,0.527381
60,90,270,166,0.544007
61,90,269,165,0.524381
62,90,271,166,0.536410
62,90,270,165,0.555209
62,90,271,166,0.539005
60,91,269,167,0.554995
59,91,269,167,0.577537
50,89,261,165,0.612862
46,83,266,162,0.645274
55,42,264,117,0.637861
50,55,267,133,0.890914
49,78,269,157,0.713494
69,84,284,161,0.718970
73,89,290,167,0.699897
89,104,300,180,0.655551
96,110,307,186,0.633091
98,112,310,188,0.620762
100,112,315,190,0.609599
107,115,317,191,0.594525
108,112,320,189,0.585007
108,98,321,175,0.566319
109,89,328,169,0.534576
74,76,365,182,0.541002
NaN,NaN,NaN,NaN,NaN
NaN,NaN,NaN,NaN,NaN
NaN,NaN,NaN,NaN,NaN
NaN,NaN,NaN,NaN,NaN
NaN,NaN,NaN,NaN,NaN
NaN,NaN,NaN,NaN,NaN
NaN,NaN,NaN,NaN,NaN
NaN,NaN,NaN,NaN,NaN
NaN,NaN,NaN,NaN,NaN
NaN,NaN,NaN,NaN,NaN
NaN,NaN,NaN,NaN,NaN
NaN,NaN,NaN,NaN,NaN
NaN,NaN,NaN,NaN,NaN
NaN,NaN,NaN,NaN,NaN
NaN,NaN,NaN,NaN,NaN
NaN,NaN,NaN,NaN,NaN
NaN,NaN,NaN,NaN,NaN
NaN,NaN,NaN,NaN,NaN
NaN,NaN,NaN,NaN,NaN
NaN,NaN,NaN,NaN,NaN
NaN,NaN,NaN,NaN,NaN
NaN,NaN,NaN,NaN,NaN
NaN,NaN,NaN,NaN,NaN
NaN,NaN,NaN,NaN,NaN
NaN,NaN,NaN,NaN,NaN
NaN,NaN,NaN,NaN,NaN
NaN,NaN,NaN,NaN,NaN
NaN,NaN,NaN,NaN,NaN
NaN,NaN,NaN,NaN,NaN
NaN,NaN,NaN,NaN,NaN
NaN,NaN,NaN,NaN,NaN
NaN,NaN,NaN,NaN,NaN
NaN,NaN,NaN,NaN,NaN
NaN,NaN,NaN,NaN,NaN
NaN,NaN,NaN,NaN,NaN
NaN,NaN,NaN,NaN,NaN
NaN,NaN,NaN,NaN,NaN
NaN,NaN,NaN,NaN,NaN
NaN,NaN,NaN,NaN,NaN
NaN,NaN,NaN,NaN,NaN
NaN,NaN,NaN,NaN,NaN
NaN,NaN,NaN,NaN,NaN
NaN,NaN,NaN,NaN,NaN
NaN,NaN,NaN,NaN,NaN
NaN,NaN,NaN,NaN,NaN
NaN,NaN,NaN,NaN,NaN
NaN,NaN,NaN,NaN,NaN
NaN,NaN,NaN,NaN,NaN
NaN,NaN,NaN,NaN,NaN
NaN,NaN,NaN,NaN,NaN
NaN,NaN,NaN,NaN,NaN
NaN,NaN,NaN,NaN,NaN
NaN,NaN,NaN,NaN,NaN
NaN,NaN,NaN,NaN,NaN
NaN,NaN,NaN,NaN,NaN
NaN,NaN,NaN,NaN,NaN
NaN,NaN,NaN,NaN,NaN
NaN,NaN,NaN,NaN,NaN
NaN,NaN,NaN,NaN,NaN
NaN,NaN,NaN,NaN,NaN
NaN,NaN,NaN,NaN,NaN
NaN,NaN,NaN,NaN,NaN
NaN,NaN,NaN,NaN,NaN
NaN,NaN,NaN,NaN,NaN
NaN,NaN,NaN,NaN,NaN
NaN,NaN,NaN,NaN,NaN
NaN,NaN,NaN,NaN,NaN
NaN,NaN,NaN,NaN,NaN
NaN,NaN,NaN,NaN,NaN
NaN,NaN,NaN,NaN,NaN
NaN,NaN,NaN,NaN,NaN
NaN,NaN,NaN,NaN,NaN
NaN,NaN,NaN,NaN,NaN
NaN,NaN,NaN,NaN,NaN
NaN,NaN,NaN,NaN,NaN
NaN,NaN,NaN,NaN,NaN
NaN,NaN,NaN,NaN,NaN
41,31,316,130,0.548435
35,26,316,127,0.562389
37,24,315,124,0.567614
127,15,318,84,0.548742
103,10,321,88,0.542047
NaN,NaN,NaN,NaN,NaN
NaN,NaN,NaN,NaN,NaN
NaN,NaN,NaN,NaN,NaN
NaN,NaN,NaN,NaN,NaN
NaN,NaN,NaN,NaN,NaN
NaN,NaN,NaN,NaN,NaN
NaN,NaN,NaN,NaN,NaN
NaN,NaN,NaN,NaN,NaN
NaN,NaN,NaN,NaN,NaN
NaN,NaN,NaN,NaN,NaN
NaN,NaN,NaN,NaN,NaN
60,1,312,92,0.558350
89,9,318,92,0.573003
65,14,317,105,0.550208
41,21,316,120,0.569201
84,53,315,136,0.559048
89,59,310,139,0.547757
87,56,312,137,0.545862
100,52,315,129,0.550019
95,48,312,126,0.564992
98,48,310,125,0.575911
94,47,313,126,0.560428
95,47,314,126,0.574584
97,46,312,124,0.573981
99,44,314,122,0.573789
101,44,315,121,0.571770
104,45,315,121,0.566812
103,46,314,122,0.553362
102,49,313,125,0.547173
107,52,313,126,0.549802
103,55,312,130,0.548640
100,57,309,132,0.543787
101,58,309,133,0.543402
105,60,311,134,0.541403
106,61,309,134,0.539575
105,62,308,135,0.539019
122,63,307,130,0.536692
119,63,308,131,0.539434
119,63,307,131,0.540854
119,63,309,132,0.540666
119,64,311,134,0.534660
120,65,310,134,0.527447
122,66,310,134,0.524619
120,66,311,135,0.520500
119,67,312,137,0.516045
116,67,312,138,0.514050
114,67,309,138,0.513991
113,67,307,138,0.512912
111,66,305,138,0.511243
111,66,302,137,0.514512
106,64,303,136,0.513532
107,63,303,135,0.521776
109,59,307,132,0.533649
111,56,310,129,0.533250
111,56,311,129,0.533282
112,55,310,127,0.532720
114,56,308,127,0.524037
115,55,310,126,0.534454
111,56,311,129,0.533007
110,58,310,131,0.531458
111,58,313,132,0.532996
113,59,313,132,0.534885
121,61,311,130,0.538497
115,60,314,132,0.541775
112,59,314,132,0.550347
112,58,315,132,0.553732
104,53,311,128,0.553844
103,49,308,123,0.554911
106,46,305,118,0.562870
106,46,302,117,0.564895
112,45,301,113,0.560088
102,54,292,122,0.568735
29,55,266,140,0.712946
NaN,NaN,NaN,NaN,NaN
NaN,NaN,NaN,NaN,NaN
26,50,259,134,0.716010
39,44,263,125,0.728581
NaN,NaN,NaN,NaN,NaN
47,90,254,165,0.706368
46,91,258,168,0.690058
47,92,258,169,0.711855
47,91,258,168,0.727667
47,92,259,169,0.721418
47,92,259,169,0.751291
47,92,260,169,0.753885
47,92,260,169,0.726400
46,92,260,170,0.755072
45,93,259,171,0.719704
46,93,259,170,0.756608
47,92,259,169,0.729335
47,92,260,169,0.728922
48,92,260,169,0.719803
49,92,260,168,0.751768
48,92,260,168,0.729267
47,92,259,168,0.707335
47,92,259,168,0.681040
48,92,259,168,0.684868
48,91,260,167,0.715650
48,91,261,168,0.662054
48,91,261,168,0.709263
48,91,260,168,0.666274
49,91,261,168,0.702436
48,91,259,168,0.718715
48,91,259,168,0.714236
48,91,260,168,0.725754
47,92,258,168,0.679498
46,91,259,168,0.681967
46,91,259,168,0.671524
48,92,254,166,0.697188
48,92,257,168,0.655707
48,92,259,169,0.706008
